  - name: Work
    latitude: -38.6658853
    longitude: 178.0230058
    radius: 60
    icon: mdi:office-building
